-,-,-
19.531250, 55.664062, 1002.929688
-19.287109, 36.132812, 1007.812500
-65.185547, -52.490234, 998.535156
-81.298828, 46.875000, 1001.953125
-126.708984, -17.822266, 1030.273438
-50.537109, 25.390625, 969.726562
-31.982422, 59.082031, 1038.574219
-34.423828, 89.843750, 1044.921875
63.476562, 175.781250, 1014.160156
-42.236328, 55.664062, 1092.285156
-118.896484, 53.710938, 1007.812500
-210.693359, 51.757812, 1042.968750
-386.474609, 27.343750, 858.398438
-522.705078, 35.156250, 879.882812
-872.802734, -48.583984, 845.214844
-1068.115234, 11.718750, 577.148438
-1091.064453, -48.583984, 691.406250
-826.416016, -132.568359, 854.492188
-250.244141, -7.568359, 922.363281
365.722656, 1.953125, 1209.960938
960.937500, 113.281250, 1083.007812
1215.332031, 145.507812, 1314.941406
985.839844, 151.367188, 1323.242188
545.410156, -44.189453, 1089.843750
132.324219, -146.240234, 1036.621094
-194.091797, -186.279297, 996.582031
-513.916016, -107.177734, 907.226562
-841.552734, -35.888672, 981.445312
-1184.326172, -108.154297, 886.718750
-1329.833984, -9.521484, 788.574219
-1130.126953, -86.669922, 800.781250
-779.541016, -38.818359, 788.574219
-343.994141, 4.394531, 914.062500
-22.705078, -10.498047, 1032.714844
415.527344, 1.464844, 1073.730469
866.210938, 54.687500, 1190.917969
979.003906, 74.218750, 1251.953125
963.378906, 224.609375, 1202.148438
633.789062, 98.144531, 1046.875000
289.062500, -25.146484, 1071.289062
-101.806641, -175.537109, 1028.320312
-294.189453, 66.894531, 992.675781
-633.544922, 10.742188, 983.398438
-1002.197266, -19.775391, 1047.363281
-1177.978516, -82.763672, 965.332031
-1021.240234, 65.429688, 796.875000
-834.228516, 27.343750, 821.289062
-614.013672, 76.171875, 879.394531
-424.560547, 75.195312, 845.214844
-205.322266, 36.132812, 1012.695312
213.867188, 19.042969, 1150.390625
833.984375, 133.789062, 1240.722656
1029.785156, 75.683594, 1290.039062
1043.457031, 205.078125, 1397.949219
679.199219, 208.007812, 1012.695312
155.273438, 49.804688, 979.980469
-339.599609, -27.099609, 1064.453125
-904.541016, -142.822266, 815.429688
-1178.955078, -4.638672, 903.808594
-1386.474609, -121.337891, 678.222656
-1131.591797, 102.539062, 708.007812
-1000.732422, 20.019531, 641.601562
-768.310547, 38.574219, 670.898438
-574.462891, 34.179688, 804.687500
-457.275391, -66.162109, 814.453125
-82.763672, 53.710938, 1014.160156
453.613281, -811.279297, 940.917969
-,-,-
327.148438, 270.996094, 1368.164062
136.718750, 41.503906, 1005.859375
448.730469, 402.343750, 1115.722656
190.917969, 93.750000, 945.800781
112.792969, 111.328125, 1086.914062
-145.751953, -42.236328, 967.773438
-466.552734, -82.763672, 877.929688
-599.365234, 20.996094, 869.140625
-883.056641, -7.568359, 752.441406
-950.439453, 97.167969, 800.781250
-1153.564453, 42.480469, 862.792969
-1112.060547, 29.296875, 848.144531
-924.560547, 57.617188, 753.417969
-782.958984, 6.835938, 798.339844
-458.251953, 76.660156, 943.847656
-327.880859, -21.240234, 1007.812500
84.960938, 79.589844, 1049.804688
322.265625, 120.605469, 1058.593750
652.832031, 356.933594, 1263.183594
745.117188, 313.476562, 1133.300781
654.296875, 342.773438, 1108.398438
387.695312, 204.101562, 1059.570312
166.015625, 85.937500, 1042.968750
-55.419922, 15.136719, 950.195312
-235.595703, 84.472656, 943.847656
-476.806641, 69.335938, 856.445312
-830.322266, 56.640625, 913.085938
-1089.111328, 84.960938, 1081.054688
-1223.876953, 74.218750, 876.953125
-1045.166016, 152.343750, 814.453125
-883.056641, 84.960938, 817.382812
-669.677734, 59.570312, 834.472656
-567.626953, -56.396484, 826.660156
-71.533203, 99.121094, 1063.476562
123.535156, 20.507812, 1198.242188
579.101562, 244.140625, 1182.128906
791.015625, 325.195312, 1025.390625
820.312500, 412.109375, 1162.597656
560.546875, 277.343750, 1032.714844
337.402344, 214.843750, 965.820312
68.359375, 83.984375, 852.539062
-157.470703, 20.507812, 951.171875
-343.505859, 40.527344, 1047.851562
-431.884766, 132.324219, 990.234375
-524.658203, 260.742188, 1126.464844
-779.541016, 163.085938, 1084.960938
-807.373047, 258.300781, 1027.343750
-879.150391, 148.437500, 958.496094
-687.744141, 156.250000, 956.542969
-547.607422, 69.335938, 919.433594
-331.298828, -60.791016, 972.656250
520.019531, 325.195312, 1127.441406
627.929688, 265.625000, 970.703125
858.398438, 269.531250, 647.460938
465.820312, 197.753906, 916.015625
206.542969, 136.230469, 905.761719
130.371094, 192.871094, 1161.132812
75.195312, 268.554688, 976.562500
37.597656, 318.847656, 1013.671875
-116.455078, 179.687500, 937.500000
-39.306641, 235.839844, 1080.566406
-40.771484, 230.957031, 990.722656
-,-,-
-28.564453, 96.679688, 1012.207031
-129.638672, 82.519531, 970.703125
-124.267578, 87.890625, 964.355469
-66.650391, 274.902344, 820.312500
-199.462891, 349.609375, 852.539062
-478.271484, 143.554688, 876.953125
-735.595703, 283.203125, 842.773438
-886.474609, 288.085938, 705.078125
-957.275391, 188.476562, 835.937500
-683.837891, 246.093750, 999.023438
-431.396484, 49.804688, 979.003906
127.929688, 194.335938, 1078.125000
698.730469, 152.343750, 976.074219
1003.417969, 259.765625, 1245.605469
920.410156, 11.718750, 1362.304688
777.343750, 88.867188, 1054.199219
546.875000, 42.968750, 935.546875
188.964844, -31.982422, 950.195312
-135.986328, -48.583984, 964.843750
-570.068359, -7.080078, 793.457031
-843.994141, 48.828125, 1052.246094
-883.544922, 191.406250, 1288.085938
-1029.541016, 169.921875, 1089.843750
-1007.568359, 7.812500, 1053.222656
-720.947266, -107.177734, 1025.390625
-370.849609, -27.099609, 897.460938
6.347656, -154.052734, 1022.460938
661.621094, 60.058594, 1029.296875
1121.093750, 17.089844, 1028.808594
1415.527344, 250.976562, 1095.214844
881.347656, 46.875000, 1255.859375
700.195312, -18.310547, 1040.039062
432.128906, -102.783203, 910.156250
118.652344, -144.287109, 937.500000
-239.013672, -98.876953, 876.953125
-649.169922, -46.630859, 995.117188
-816.162109, 1.464844, 958.007812
-1011.474609, 62.011719, 1185.058594
-966.552734, -7.568359, 1213.867188
-671.630859, 39.550781, 1055.175781
-255.615234, 161.132812, 1018.554688
-179.443359, -43.212891, 1116.699219
319.335938, -24.169922, 1233.398438
726.074219, -25.146484, 1031.738281
1115.234375, 77.636719, 1018.066406
874.511719, -73.974609, 969.726562
722.167969, -53.955078, 934.570312
546.875000, 7.812500, 1005.859375
291.015625, -31.982422, 1026.367188
34.667969, -44.677734, 1019.042969
-306.396484, -79.345703, 1095.214844
-626.708984, -27.099609, 1050.292969
-1037.841797, -64.697266, 1075.683594
-1102.294922, -32.958984, 1031.738281
-907.470703, -37.353516, 931.640625
-709.716797, -113.037109, 970.703125
-479.736328, -223.876953, 1046.875000
32.226562, -180.419922, 1229.492188
679.199219, -12.939453, 1094.238281
1018.554688, 91.796875, 1083.007812
1130.859375, 82.031250, 936.523438
943.359375, -83.740234, 898.925781
787.597656, -93.505859, 847.167969
625.000000, -146.240234, 875.976562
259.765625, -205.810547, 993.164062
-69.091797, -190.185547, 1110.839844
-650.146484, -99.365234, 1258.300781
-1078.369141, -42.724609, 1240.722656
-1270.751953, -90.576172, 1164.550781
-1047.607422, -72.998047, 962.890625
-665.771484, -109.130859, 851.562500
-404.052734, -190.185547, 883.300781
-71.044922, -271.240234, 1019.042969
462.890625, -106.201172, 1093.261719
949.707031, -2.197266, 1050.292969
1135.742188, 140.625000, 1002.929688
977.539062, 4.882812, 977.539062
826.171875, -19.775391, 1052.246094
635.742188, -54.443359, 1055.175781
379.882812, -88.623047, 1030.273438
76.171875, -127.685547, 1003.906250
-326.904297, -116.943359, 987.304688
-673.095703, -167.724609, 1080.078125
-908.935547, -124.755859, 1090.820312
-964.599609, -96.435547, 1010.742188
-706.298828, -63.720703, 837.890625
-556.396484, -106.201172, 886.230469
-224.853516, -87.646484, 1124.023438
146.972656, -122.802734, 1188.476562
566.894531, -29.052734, 1267.578125
905.761719, 41.503906, 1084.960938
974.609375, 16.601562, 1033.691406
893.554688, -27.099609, 979.980469
756.347656, -82.275391, 927.246094
606.933594, -55.419922, 975.097656
374.511719, -117.431641, 1027.343750
145.996094, -158.447266, 1031.738281
-142.822266, -180.419922, 1019.042969
-455.322266, -72.021484, 956.054688
-1001.220703, -73.974609, 964.843750
-1546.630859, -194.091797, 1086.914062
-1093.505859, -128.662109, 1107.910156
-488.037109, -115.966797, 1092.285156
-27.587891, -164.794922, 1240.722656
608.886719, -158.935547, 1336.425781
1155.761719, 24.414062, 1239.257812
1241.210938, 13.671875, 1010.742188
1108.398438, -40.283203, 929.687500
950.195312, -62.255859, 805.664062
616.699219, -143.310547, 837.890625
404.785156, -190.185547, 891.601562
32.226562, -295.166016, 938.476562
-362.060547, -191.162109, 1125.488281
-742.431641, -145.263672, 1171.875000
-988.037109, 13.671875, 1181.640625
-1061.767578, 4.882812, 1060.546875
-938.720703, -18.798828, 967.773438
-675.537109, -83.740234, 954.101562
-496.826172, -219.482422, 1044.921875
-17.333984, -270.263672, 1182.617188
521.484375, -175.537109, 1197.265625
849.121094, -68.115234, 1051.269531
922.851562, 16.601562, 936.523438
967.773438, -14.892578, 855.468750
826.171875, -112.060547, 855.468750
802.734375, -3.662109, 976.074219
644.531250, -10.498047, 1108.398438
380.371094, -89.599609, 1145.019531
163.574219, -55.908203, 1121.093750
-29.541016, 33.203125, 1132.324219
-352.294922, -21.240234, 1069.335938
-771.728516, -70.068359, 1069.335938
-1135.009766, -138.916016, 1044.921875
-938.720703, -50.537109, 875.000000
-840.087891, -145.263672, 870.605469
-566.650391, -192.626953, 936.523438
-192.138672, -100.830078, 1009.277344
131.347656, -50.537109, 1147.949219
431.152344, -31.005859, 1229.003906
862.304688, 83.007812, 1320.800781
1017.578125, 25.390625, 1156.250000
1121.093750, 13.671875, 986.328125
1034.179688, 17.578125, 875.976562
646.484375, -97.412109, 896.484375
333.984375, -179.931641, 1001.953125
40.039062, -125.732422, 1125.488281
-229.248047, -114.990234, 1074.707031
-628.662109, -15.380859, 1185.058594
-894.287109, -0.732422, 1100.585938
-981.689453, 75.195312, 1054.199219
-907.470703, 3.417969, 902.832031
-601.318359, 15.136719, 901.855469
-442.626953, -67.138672, 909.179688
-191.650391, -114.013672, 1005.859375
155.761719, -90.576172, 1083.984375
553.710938, -68.115234, 1125.000000
868.652344, -57.861328, 937.011719
1055.664062, 10.742188, 983.398438
1005.371094, 39.550781, 1067.382812
815.429688, -3.662109, 1187.011719
515.625000, -54.931641, 1253.906250
114.257812, -141.845703, 1156.250000
-181.884766, -121.826172, 1060.546875
-502.197266, -80.810547, 947.753906
-882.080078, -94.482422, 909.179688
-1161.376953, -58.837891, 908.203125
-1099.365234, -100.341797, 810.058594
-827.880859, -113.037109, 813.476562
-552.490234, -130.615234, 979.980469
-67.138672, -98.876953, 1074.707031
485.839844, -5.615234, 1201.660156
844.238281, -5.615234, 1193.359375
1093.750000, 26.367188, 1094.238281
1192.871094, 5.859375, 1011.718750
963.867188, -61.279297, 1070.312500
733.886719, -51.513672, 1179.687500
388.671875, -149.169922, 1125.488281
2.929688, -177.978516, 1071.289062
-362.060547, -133.544922, 933.593750
-733.154297, -67.138672, 1006.835938
-1226.318359, -274.658203, 644.042969
-974.365234, 7.812500, 847.167969
-871.826172, -64.208984, 793.457031
-654.541016, -69.091797, 1041.015625
-234.619141, -97.900391, 990.234375
198.242188, 8.789062, 1068.359375
613.281250, 40.527344, 1189.453125
795.410156, -125.732422, 1145.019531
1014.160156, -120.849609, 1088.867188
1032.714844, -143.310547, 1090.332031
926.269531, -154.052734, 1057.617188
619.628906, -165.283203, 1121.582031
254.882812, -193.115234, 1016.113281
-358.154297, -239.013672, 954.101562
-653.564453, -197.509766, 1037.597656
-925.537109, -96.435547, 915.039062
-1061.767578, -10.498047, 817.382812
-1026.123047, 37.597656, 785.156250
-850.341797, 9.765625, 840.820312
-621.826172, -67.138672, 1059.570312
-229.736328, -129.638672, 1179.687500
291.992188, -76.416016, 1293.945312
600.585938, -169.677734, 1326.171875
834.472656, -211.669922, 1225.585938
963.867188, -261.962891, 1070.312500
831.542969, -263.427734, 1035.644531
619.140625, -279.541016, 927.734375
441.406250, -230.224609, 857.421875
135.742188, -213.623047, 869.140625
-177.001953, -92.529297, 877.929688
-511.474609, 2.929688, 908.203125
-993.408203, 28.808594, 1109.863281
-1316.162109, 88.867188, 1175.781250
-1231.201172, 38.085938, 1026.367188
-925.048828, -37.841797, 859.375000
-497.314453, -109.130859, 933.593750
-263.916016, -241.455078, 1089.355469
237.792969, -240.966797, 1173.828125
690.917969, -177.001953, 1109.375000
888.671875, -135.498047, 1082.031250
951.171875, -119.384766, 1009.765625
887.207031, -133.544922, 1025.390625
720.703125, -162.841797, 962.402344
567.382812, -107.177734, 974.121094
304.687500, -113.037109, 904.296875
-82.763672, -24.658203, 974.609375
-401.123047, -96.923828, 913.085938
-945.556641, -77.392578, 1233.398438
-1286.865234, -77.392578, 1360.351562
-1139.404297, -95.458984, 1101.562500
-775.146484, -94.482422, 1020.996094
-564.208984, -219.482422, 1081.542969
-217.529297, -274.658203, 1105.957031
280.761719, -167.724609, 1190.429688
637.695312, -125.732422, 1115.234375
893.554688, -75.927734, 992.675781
1082.519531, 5.859375, 925.781250
1022.949219, -110.107422, 1046.875000
969.238281, -158.447266, 1104.492188
674.804688, -260.986328, 1098.632812
469.238281, -280.029297, 1033.203125
247.070312, -234.130859, 941.894531
-128.662109, -139.892578, 868.164062
-571.044922, -60.302734, 885.253906
-1050.537109, 82.519531, 1163.574219
-1569.580078, 23.437500, 1203.613281
-1037.353516, 188.476562, 1100.585938
-730.224609, 62.011719, 1054.199219
-528.076172, -44.189453, 1123.046875
-353.759766, -406.982422, 826.660156
267.578125, -236.572266, 1128.417969
717.773438, -227.294922, 1052.246094
1026.855469, -93.505859, 1094.238281
1055.175781, -83.740234, 1053.222656
751.464844, -154.052734, 1095.214844
618.652344, -76.904297, 1158.203125
536.621094, -6.591797, 1069.335938
340.820312, 2.929688, 960.449219
-32.958984, -44.677734, 922.363281
-320.556641, -26.611328, 890.625000
-715.576172, 0.488281, 909.179688
-1174.072266, -64.208984, 1009.765625
-1313.232422, 73.242188, 910.644531
-1171.630859, 22.460938, 891.601562
-671.630859, 23.925781, 935.546875
-191.162109, 0.976562, 1106.445312
242.675781, -75.927734, 1257.324219
724.609375, -35.888672, 1305.664062
907.226562, -76.416016, 1229.980469
1065.429688, -52.978516, 1147.949219
946.289062, -195.556641, 1070.312500
835.937500, -147.216797, 955.078125
626.953125, -151.123047, 912.109375
416.992188, -102.783203, 993.164062
113.769531, -65.185547, 956.054688
-257.080078, -2.685547, 1031.250000
-915.283203, 15.136719, 1201.171875
-1395.751953, -25.146484, 1028.808594
-1259.033203, 65.429688, 965.820312
-1002.197266, -28.564453, 962.402344
-721.923828, -104.248047, 881.347656
-330.322266, -151.123047, 996.582031
135.742188, -188.232422, 1109.863281
571.289062, -159.423828, 1203.613281
1002.441406, -92.529297, 1199.218750
1221.679688, -62.744141, 1110.839844
1046.875000, -135.986328, 1000.976562
1002.441406, 11.718750, 1046.875000
713.378906, 32.226562, 1062.500000
69.824219, -73.974609, 1053.222656
-513.427734, -127.685547, 1109.863281
-1233.642578, -91.552734, 1161.621094
-1475.341797, 43.945312, 1096.191406
-1315.185547, 117.675781, 908.203125
-1101.318359, -4.638672, 935.058594
-711.181641, -155.029297, 914.062500
-217.529297, -251.708984, 1104.492188
666.992188, -230.224609, 1287.109375
1305.664062, -16.357422, 1135.742188
1474.609375, 94.238281, 1029.296875
1193.359375, 0.976562, 953.613281
954.589844, -44.677734, 961.425781
654.296875, -52.490234, 1082.031250
236.328125, -104.248047, 1117.187500
-129.638672, -92.529297, 1061.523438
-523.193359, -54.931641, 1142.089844
-1080.322266, -26.123047, 1089.355469
-1592.529297, -12.451172, 948.242188
-1222.900391, 98.632812, 1001.464844
-1127.685547, -45.654297, 865.722656
-718.017578, -160.400391, 886.718750
-214.599609, -244.873047, 1132.324219
708.496094, -185.302734, 1326.171875
1400.390625, 30.273438, 1295.898438
1661.621094, 125.976562, 1188.476562
1286.132812, -52.490234, 1021.484375
1199.707031, 6.835938, 921.386719
720.214844, -125.732422, 937.988281
318.359375, -152.099609, 980.468750
-176.025391, -114.013672, 1100.585938
-,-,-
-518.798828, -302.490234, 1000.488281
442.871094, -134.521484, 1359.375000
1375.488281, 7.812500, 1341.308594
1606.445312, 16.113281, 1231.445312
1601.074219, -89.599609, 1057.128906
1283.203125, -49.560547, 952.148438
846.679688, -149.169922, 834.960938
395.507812, -164.306641, 872.070312
-114.990234, -100.830078, 903.808594
-,-,-
-1197.021484, -99.853516, 908.203125
-740.478516, -220.458984, 1068.359375
-8.056641, -228.271484, 1203.613281
785.644531, -191.162109, 1255.859375
1333.984375, -45.654297, 1094.726562
1451.660156, 59.570312, 897.949219
1311.523438, -46.630859, 744.140625
1155.761719, -8.544922, 703.125000
853.027344, -112.060547, 891.601562
201.660156, -273.193359, 1217.773438
-386.474609, -159.423828, 1305.664062
-1050.048828, -135.498047, 1339.355469
-1550.537109, -21.728516, 1225.097656
-1440.673828, -19.775391, 894.531250
-1111.572266, -79.345703, 959.472656
-742.431641, -246.826172, 1034.667969
-56.884766, -266.357422, 1093.750000
809.082031, -292.724609, 1142.578125
1590.820312, 48.828125, 1116.210938
1518.554688, 8.789062, 894.531250
1201.171875, -60.302734, 892.578125
1194.335938, -8.544922, 838.867188
808.593750, -164.794922, 958.984375
318.847656, -290.771484, 1123.046875
-182.861328, -220.947266, 1207.519531
-899.658203, -130.615234, 1280.761719
-1717.529297, -85.693359, 1319.335938
-1712.158203, -95.947266, 850.585938
-1387.939453, -89.599609, 799.804688
-1092.529297, -303.466797, 950.195312
-165.283203, -521.240234, 904.785156
837.402344, -244.873047, 1329.101562
1342.773438, 4.394531, 1329.101562
1534.179688, 26.367188, 1150.390625
1287.597656, -19.775391, 1083.984375
1010.742188, -31.005859, 956.542969
586.914062, -131.591797, 1016.113281
263.671875, -207.763672, 995.605469
-258.056641, -263.427734, 1041.015625
-842.041016, -270.263672, 1101.562500
-1281.982422, -36.865234, 1124.511719
-1575.439453, -64.208984, 921.386719
-1336.669922, -23.681641, 924.804688
-944.091797, -32.958984, 1064.453125
-282.470703, 32.226562, 1182.128906
250.488281, 7.812500, 1267.578125
913.574219, 67.382812, 1292.480469
1382.324219, -4.638672, 1137.695312
1428.710938, 57.617188, 885.742188
1248.046875, -26.123047, 707.031250
1059.082031, -131.591797, 757.812500
625.488281, -180.908203, 797.851562
154.785156, -187.255859, 771.972656
-321.044922, -155.029297, 1008.789062
-938.232422, -14.404297, 1536.621094
-1948.486328, -74.462891, 1449.707031
-1381.591797, 65.429688, 1163.574219
-1348.388672, -209.716797, 1122.558594
-689.697266, -327.880859, 1076.171875
-157.470703, -447.021484, 1046.875000
676.269531, -536.865234, 1125.000000
1859.863281, -72.021484, 979.003906
1949.707031, 0.488281, 705.078125
1831.542969, 22.949219, 814.941406
1235.839844, -59.326172, 798.828125
676.269531, -184.326172, 842.773438
6.347656, -197.509766, 1090.332031
-616.943359, -157.470703, 1042.968750
-1390.380859, -181.884766, 1001.953125
-,-,-
888.183594, -293.212891, 1277.343750
1895.507812, -12.451172, 1176.757812
1974.121094, 134.277344, 819.335938
1442.871094, 49.804688, 878.417969
943.359375, -109.130859, 958.496094
-,-,-
-52.978516, 120.605469, 969.726562
-9.521484, 139.160156, 1077.148438
21.972656, 169.921875, 1040.039062
97.656250, 128.906250, 1104.492188
170.410156, 198.242188, 1155.273438
214.843750, 217.773438, 1007.812500
172.851562, 185.546875, 1063.476562
63.476562, 167.968750, 1053.222656
-101.318359, 149.414062, 1063.476562
-603.759766, 122.070312, 982.421875
-1140.869141, -81.787109, 724.609375
-1310.302734, -130.615234, 701.660156
-906.494141, -144.287109, 791.015625
-292.724609, 5.859375, 1085.937500
436.035156, 270.507812, 1124.023438
1046.875000, 443.359375, 940.917969
1109.375000, 333.984375, 1302.246094
895.996094, 174.804688, 1489.257812
753.417969, 219.238281, 1268.554688
490.234375, 192.382812, 1135.742188
-74.462891, 88.867188, 1054.199219
-612.060547, -1.708984, 946.289062
-1268.310547, -127.685547, 755.859375
-1684.814453, -294.189453, 598.632812
-1324.462891, -135.498047, 708.984375
-819.091797, -75.439453, 669.921875
-341.552734, 65.917969, 957.519531
204.101562, 63.964844, 1220.703125
875.488281, 299.316406, 1370.117188
1310.058594, 389.648438, 1302.734375
1294.433594, 333.984375, 1178.710938
1047.851562, 250.000000, 1103.515625
693.359375, 125.000000, 1027.343750
312.988281, 32.226562, 1005.859375
-145.263672, -5.126953, 1033.691406
-746.826172, -11.474609, 964.843750
-1280.517578, -72.998047, 1096.191406
-1664.794922, -57.861328, 1162.597656
-1140.869141, -0.732422, 942.871094
-698.974609, -63.232422, 951.171875
-138.916016, -64.208984, 1099.609375
504.394531, -35.400391, 1151.855469
965.820312, 159.667969, 1111.816406
1195.312500, 249.023438, 1049.804688
1180.175781, 229.492188, 979.980469
876.464844, 100.097656, 993.652344
632.324219, 49.316406, 973.632812
291.992188, 17.578125, 1024.414062
-104.248047, -29.052734, 1008.789062
-713.623047, -113.037109, 1152.832031
-1249.267578, -112.060547, 1134.765625
-1475.341797, -173.583984, 1150.390625
-1137.451172, -112.060547, 933.593750
-634.521484, 1.953125, 952.148438
-307.861328, -115.966797, 1123.046875
401.855469, -92.529297, 1204.101562
984.863281, 77.636719, 1100.585938
1208.984375, 164.062500, 909.179688
1156.738281, 143.554688, 952.148438
973.144531, 129.882812, 991.699219
714.355469, 144.531250, 1050.292969
284.179688, 54.687500, 1253.906250
-107.666016, -18.798828, 1392.089844
-575.439453, -131.591797, 1107.910156
-1155.517578, -295.166016, 755.859375
-1647.705078, -457.275391, 817.382812
-1048.095703, -177.001953, 807.128906
-795.166016, -211.669922, 899.902344
-477.783203, -199.951172, 1142.578125
73.730469, -120.361328, 1260.253906
685.546875, 85.937500, 1312.011719
1046.386719, 166.015625, 1111.816406
1072.753906, 121.093750, 1033.691406
1055.664062, 167.968750, 1015.136719
901.367188, 280.761719, 1058.593750
499.023438, 117.187500, 1114.746094
110.839844, 82.031250, 1176.757812
-412.353516, -118.408203, 1106.445312
-941.650391, -143.310547, 966.796875
-1313.232422, -453.369141, 1009.277344
-1246.826172, -97.412109, 848.144531
-1102.783203, -173.583984, 909.179688
-766.357422, -172.607422, 957.519531
-391.845703, -227.294922, 1204.589844
278.808594, -95.947266, 1345.703125
920.410156, 34.179688, 1209.960938
1336.914062, 259.277344, 982.910156
1324.218750, 191.406250, 778.320312
1052.734375, 180.175781, 1000.000000
879.882812, 179.199219, 1060.546875
416.015625, -103.271484, 1143.066406
-152.587891, -302.490234, 1204.101562
-817.626953, -277.587891, 1136.718750
-1630.615234, -425.537109, 1207.519531
-,-,-
-498.779297, 54.687500, 986.328125
-462.158203, 145.507812, 956.054688
-447.021484, 97.167969, 923.339844
-344.970703, 139.160156, 882.324219
-296.630859, 123.535156, 912.109375
-198.486328, 81.054688, 939.941406
125.488281, 68.359375, 958.496094
336.914062, 139.648438, 1119.140625
408.691406, 73.242188, 1094.238281
168.457031, 67.382812, 1106.445312
-105.224609, -7.568359, 1003.417969
-509.521484, 39.550781, 888.183594
-1032.958984, 40.527344, 961.425781
-1308.837891, 163.574219, 949.218750
-1051.025391, 213.867188, 785.644531
-1095.947266, 145.507812, 791.503906
-828.857422, 42.480469, 848.144531
-587.646484, -43.212891, 933.593750
-28.564453, -42.236328, 895.507812
442.871094, 5.859375, 1016.113281
650.390625, 67.382812, 1118.164062
825.195312, 77.148438, 1098.632812
724.609375, 104.492188, 1048.339844
426.269531, 31.250000, 1078.125000
46.875000, -37.841797, 1041.015625
-233.642578, -57.861328, 1091.308594
-450.439453, 52.734375, 1031.738281
-966.064453, -128.662109, 878.906250
-1102.783203, 200.195312, 944.824219
-882.080078, 209.960938, 832.519531
-798.583984, 230.957031, 901.367188
-719.970703, 144.531250, 948.242188
-468.505859, 83.984375, 885.253906
-120.849609, 45.898438, 1011.230469
247.558594, 66.406250, 1023.437500
786.621094, 73.242188, 1047.363281
971.679688, 68.359375, 1098.632812
971.191406, 98.632812, 1153.320312
633.789062, 49.804688, 1120.117188
309.570312, -43.212891, 1067.382812
1.464844, 0.488281, 994.628906
-271.728516, 11.718750, 955.566406
-826.904297, 30.273438, 934.570312
-1100.341797, 147.460938, 831.542969
-968.505859, 248.046875, 901.855469
-831.298828, 180.664062, 848.144531
-572.021484, 125.000000, 1171.875000
-326.904297, 1.464844, 1014.160156
96.191406, 2.929688, 1073.730469
528.808594, -45.654297, 1026.367188
905.273438, -53.466797, 1034.667969
1247.070312, 78.613281, 1046.875000
1112.792969, 88.867188, 974.609375
648.437500, -4.638672, 974.121094
66.894531, -89.599609, 1066.406250
-325.439453, 14.648438, 1061.523438
-920.166016, 55.664062, 1080.566406
-1061.279297, 156.250000, 925.292969
-992.919922, 286.132812, 957.031250
-807.373047, 161.621094, 862.792969
-496.337891, 68.359375, 1040.039062
-264.892578, -0.732422, 1083.007812
223.632812, -12.451172, 1077.636719
661.132812, -4.638672, 1093.261719
993.164062, 11.718750, 1244.628906
1098.632812, -46.630859, 1150.878906
1044.433594, 32.226562, 1005.859375
616.699219, -29.052734, 922.363281
152.343750, -57.861328, 900.878906
-272.705078, 6.835938, 963.378906
-588.623047, -184.814453, 1093.261719
-943.603516, 170.898438, 937.988281
-1069.091797, 417.480469, 964.355469
-967.529297, 291.992188, 925.781250
-654.541016, 209.960938, 1147.949219
-406.982422, 85.937500, 994.628906
-5.126953, 50.781250, 1019.042969
441.894531, 7.812500, 1021.484375
742.187500, -16.845703, 1058.593750
993.164062, 12.695312, 1141.601562
973.632812, -46.630859, 1020.996094
830.566406, 21.484375, 1058.593750
446.289062, -7.568359, 1047.851562
81.542969, 17.089844, 1113.769531
-179.443359, 85.937500, 1093.261719
-575.439453, 331.054688, 874.023438
-1050.048828, 268.554688, 922.363281
-940.673828, 297.363281, 798.828125
-1050.537109, 345.703125, 860.351562
-739.990234, 261.718750, 897.460938
-556.396484, 130.859375, 824.218750
-192.138672, 41.992188, 1012.695312
53.222656, -17.333984, 1164.550781
579.101562, -40.283203, 1265.625000
911.621094, -72.021484, 1142.578125
1170.410156, -29.052734, 1128.417969
986.816406, -51.513672, 1067.382812
650.390625, -90.576172, 1029.296875
182.128906, -76.416016, 979.980469
-93.017578, -6.591797, 997.558594
-448.486328, 73.242188, 1063.476562
-1063.232422, 39.550781, 959.472656
-887.939453, 402.343750, 833.496094
-906.982422, 426.757812, 840.820312
-908.935547, 435.058594, 866.699219
-745.849609, 289.062500, 716.308594
-567.626953, 188.476562, 777.343750
-242.919922, 82.519531, 884.277344
144.531250, -67.138672, 1070.800781
847.167969, -52.490234, 1261.230469
1019.531250, -130.615234, 1282.226562
1027.832031, -114.990234, 1201.171875
823.730469, -44.189453, 1074.707031
483.398438, -47.607422, 1036.621094
90.820312, -31.005859, 1028.320312
-387.451172, 62.011719, 1042.968750
-1063.720703, 229.492188, 946.289062
-1107.177734, 472.656250, 766.113281
-1140.869141, 504.882812, 877.929688
-815.673828, 466.796875, 785.156250
-446.044922, 186.523438, 960.449219
-268.310547, 31.250000, 916.992188
281.738281, -36.865234, 1068.359375
839.355469, -147.216797, 1065.429688
1110.839844, -170.654297, 1189.941406
1022.949219, -189.208984, 1180.664062
832.519531, -68.115234, 1118.164062
380.859375, -3.173828, 1135.742188
-63.232422, 15.625000, 1085.937500
-414.794922, 164.062500, 1059.570312
-947.021484, 253.417969, 875.000000
-938.232422, 366.210938, 765.625000
-878.662109, 349.609375, 775.878906
-769.287109, 268.554688, 638.183594
-614.013672, 127.929688, 881.347656
-362.060547, -2.685547, 966.796875
92.773438, -158.447266, 1149.902344
928.222656, -150.146484, 1176.757812
1311.523438, -164.794922, 1233.398438
1188.476562, -178.955078, 1172.851562
717.773438, -195.556641, 1073.730469
404.785156, -136.474609, 1061.523438
75.683594, -92.529297, 982.421875
-219.970703, 1.953125, 969.726562
-714.599609, 290.039062, 958.496094
-977.783203, 170.898438, 874.023438
-,-,-
-416.748047, 118.652344, 1098.632812
-520.751953, 150.390625, 858.886719
-291.259766, 132.812500, 930.664062
-328.369141, 150.390625, 853.515625
-251.708984, 115.722656, 905.761719
-229.736328, 77.636719, 939.941406
-292.236328, 93.750000, 926.757812
-9.033203, 99.609375, 1010.742188
342.773438, 23.437500, 1063.476562
628.906250, 38.085938, 1258.789062
833.007812, 83.984375, 1108.886719
824.707031, 82.031250, 1001.953125
730.468750, 49.804688, 1017.578125
562.500000, 30.273438, 832.031250
284.179688, 47.851562, 935.546875
5.371094, 89.843750, 1083.984375
-319.091797, 38.574219, 1182.617188
-692.626953, 65.429688, 1245.605469
-790.771484, 27.343750, 1139.648438
-624.267578, -39.794922, 1048.828125
-424.560547, -42.724609, 872.558594
-181.884766, 27.343750, 889.648438
58.105469, 24.414062, 891.601562
391.113281, 98.144531, 905.761719
706.542969, 79.101562, 963.378906
1038.085938, 73.242188, 1041.992188
1108.398438, 85.937500, 945.800781
1003.906250, -28.076172, 934.570312
784.667969, -42.724609, 939.453125
402.343750, -28.076172, 1016.113281
125.488281, -14.404297, 1009.765625
-316.162109, 2.929688, 1147.949219
-457.275391, -22.705078, 1187.988281
-648.193359, 46.875000, 1176.757812
-500.244141, 13.671875, 1096.679688
-242.919922, 18.066406, 1037.109375
-93.017578, 26.367188, 962.890625
279.785156, 35.156250, 955.078125
553.222656, 114.746094, 885.253906
852.050781, 109.375000, 851.562500
1008.300781, 116.699219, 820.312500
977.050781, 71.289062, 850.097656
823.730469, 73.242188, 824.218750
580.566406, 44.921875, 818.359375
-,-,-
-502.197266, -2.197266, 1235.351562
-418.701172, 20.507812, 1189.453125
-239.013672, 8.789062, 980.468750
15.625000, -3.662109, 953.613281
318.359375, 57.128906, 954.589844
659.667969, 140.625000, 759.277344
1028.320312, 38.574219, 908.691406
1097.656250, 31.250000, 980.957031
907.226562, 8.789062, 820.800781
716.796875, 2.441406, 798.828125
437.500000, 42.968750, 851.562500
205.566406, -3.173828, 789.550781
17.578125, 75.195312, 1015.136719
-346.923828, 81.054688, 1177.246094
-699.462891, 173.828125, 1455.078125
-487.548828, 54.687500, 1362.304688
-464.111328, 66.406250, 1102.539062
-272.705078, 42.968750, 1083.007812
-84.716797, 38.085938, 891.601562
187.500000, 15.136719, 903.808594
497.070312, 33.203125, 914.550781
658.203125, 126.953125, 824.218750
1007.324219, 58.105469, 844.726562
951.660156, 116.699219, 905.273438
877.929688, 59.570312, 817.382812
685.546875, 40.527344, 768.066406
439.453125, 57.617188, 870.605469
271.484375, 11.718750, 919.433594
75.195312, -34.912109, 1061.035156
-448.486328, 51.757812, 1342.285156
-645.263672, 97.656250, 1349.121094
-697.021484, 57.617188, 1367.187500
-506.103516, 27.343750, 1267.578125
-306.396484, 12.695312, 1129.394531
-97.900391, 36.132812, 1033.691406
192.871094, 44.921875, 887.207031
514.160156, 84.960938, 837.890625
973.144531, 102.050781, 644.531250
1348.144531, -40.283203, 598.144531
1216.796875, -1.708984, 721.191406
998.046875, 8.789062, 693.847656
708.007812, -11.474609, 679.199219
300.781250, 24.414062, 931.640625
-66.650391, 27.343750, 1089.355469
-570.068359, 82.031250, 1291.992188
-894.287109, 85.937500, 1509.765625
-674.560547, -12.451172, 1386.718750
-582.275391, 58.105469, 1212.890625
-324.951172, 34.179688, 1078.613281
-58.837891, 15.136719, 967.773438
160.644531, 73.242188, 994.628906
505.371094, 114.257812, 909.179688
850.585938, 56.640625, 665.039062
1143.066406, 41.015625, 682.617188
1258.789062, -38.818359, 604.492188
1023.925781, 2.441406, 664.062500
783.203125, 0.488281, 645.507812
472.656250, 16.113281, 805.175781
196.777344, 38.085938, 1062.500000
-184.814453, 151.367188, 1205.566406
-650.146484, 190.429688, 1445.312500
-911.376953, 130.859375, 1479.492188
-853.759766, 100.585938, 1224.121094
-577.880859, 117.187500, 1041.992188
-247.802734, 77.636719, 953.125000
64.453125, 114.746094, 893.554688
473.632812, 141.113281, 803.222656
1036.621094, 89.843750, 834.960938
1344.238281, 18.066406, 845.214844
1312.011719, -72.021484, 752.441406
839.355469, 10.742188, 847.167969
526.855469, -51.513672, 859.863281
66.406250, -0.732422, 1016.113281
-449.462891, 83.984375, 1139.648438
-863.037109, 114.257812, 1252.929688
-1038.330078, 105.468750, 1307.617188
-902.587891, 122.070312, 1253.906250
-616.455078, 87.890625, 1117.187500
-300.048828, 23.437500, 1075.683594
35.644531, 39.550781, 967.773438
416.015625, 52.734375, 907.226562
869.628906, 12.695312, 832.519531
1166.992188, 16.113281, 817.382812
1073.730469, 7.812500, 711.914062
969.726562, -37.841797, 773.925781
674.804688, -20.263672, 963.867188
472.167969, -80.322266, 1046.875000
72.753906, 32.226562, 930.664062
-264.892578, 69.335938, 928.710938
-682.861328, 144.531250, 1059.570312
-1070.068359, 209.960938, 1154.296875
-1082.275391, 272.460938, 1278.808594
-743.408203, 169.921875, 1092.285156
-426.025391, 75.195312, 1047.851562
-102.783203, 38.574219, 981.933594
185.546875, 58.593750, 894.531250
510.742188, 75.195312, 779.296875
792.480469, 16.601562, 785.156250
936.523438, 19.042969, 840.820312
1065.917969, -2.685547, 805.175781
980.957031, -13.916016, 696.777344
822.753906, -44.677734, 819.335938
545.898438, -81.787109, 834.960938
205.566406, -44.189453, 1007.812500
-226.318359, -21.240234, 1164.550781
-814.208984, 178.222656, 1309.570312
-1190.673828, 357.910156, 1203.125000
-921.630859, 282.226562, 1159.667969
-509.033203, 140.625000, 1028.320312
-152.099609, 38.085938, 966.796875
116.210938, 41.503906, 1020.507812
423.828125, 44.921875, 923.828125
779.785156, 47.851562, 770.996094
1189.453125, -79.345703, 804.687500
1201.171875, -62.255859, 762.695312
1052.734375, -97.900391, 652.832031
614.257812, -22.216797, 576.171875
410.644531, -94.482422, 815.429688
192.382812, -73.974609, 1050.292969
-20.751953, -72.998047, 1217.773438
-419.189453, 15.625000, 1361.328125
-733.154297, 182.617188, 1530.273438
-765.869141, 197.753906, 1350.585938
-418.212891, 66.894531, 1209.960938
-200.439453, 15.625000, 1053.222656
143.066406, -28.076172, 943.847656
519.531250, -2.685547, 829.589844
919.433594, 4.882812, 584.472656
1234.863281, -64.208984, 719.726562
1289.062500, -175.537109, 725.585938
986.816406, -95.458984, 625.488281
702.148438, -49.560547, 769.042969
329.589844, -34.912109, 878.906250
-59.814453, 2.441406, 1085.937500
-446.533203, 48.828125, 1274.902344
-857.177734, 259.277344, 1409.667969
-785.400391, 233.398438, 1361.328125
-471.435547, 125.000000, 1197.265625
-190.673828, 41.992188, 1021.484375
63.964844, 4.394531, 923.828125
361.816406, -31.982422, 874.023438
817.871094, -57.861328, 763.183594
1160.156250, -95.458984, 843.750000
1234.863281, -111.083984, 758.789062
1069.824219, -46.630859, 758.789062
849.121094, -60.791016, 725.585938
577.148438, -21.728516, 742.187500
356.445312, -17.822266, 816.894531
59.082031, -46.630859, 936.523438
-398.193359, 16.601562, 1182.128906
-667.236328, 53.710938, 1562.988281
-1018.310547, 246.093750, 1401.367188
-798.095703, 213.867188, 1295.898438
-386.474609, 47.851562, 1110.839844
-120.849609, -9.521484, 989.257812
118.652344, -50.537109, 948.242188
299.316406, 12.695312, 855.468750
574.707031, -7.568359, 792.968750
819.335938, 93.750000, 762.695312
1131.835938, -9.521484, 597.656250
1187.500000, -89.599609, 774.902344
1053.222656, -98.388672, 823.242188
757.324219, -82.275391, 745.117188
595.214844, -135.986328, 862.792969
341.796875, -175.048828, 967.773438
-128.662109, -106.201172, 1108.398438
-819.091797, 108.398438, 1192.382812
-1293.212891, 344.726562, 1240.234375
-1096.435547, 299.316406, 1268.554688
-634.033203, 105.468750, 1176.757812
-296.630859, 15.625000, 1102.539062
-177.001953, 59.082031, 1064.453125
85.937500, 34.179688, 922.363281
399.414062, 130.859375, 839.843750
848.632812, 109.375000, 652.343750
1100.585938, 27.343750, 711.914062
1307.128906, -136.474609, 695.800781
1134.277344, -100.830078, 829.589844
830.566406, 22.460938, 695.800781
500.000000, 56.640625, 747.558594
229.003906, 71.777344, 1027.343750
-133.056641, 81.054688, 1095.703125
-404.541016, 63.476562, 1321.289062
-714.111328, 101.074219, 1552.734375
-911.376953, 232.421875, 1327.148438
-685.791016, 173.339844, 1175.781250
-378.173828, 98.144531, 1003.906250
-138.916016, 41.992188, 923.339844
67.382812, 44.921875, 928.710938
313.964844, 93.750000, 802.734375
686.035156, 104.492188, 806.152344
1031.738281, 1.464844, 889.648438
1179.687500, -75.927734, 764.648438
1100.585938, -33.935547, 756.835938
936.035156, -10.498047, 706.054688
731.445312, -46.630859, 743.164062
363.769531, 16.601562, 929.199219
175.292969, -8.544922, 1071.777344
-42.724609, -68.115234, 1096.679688
-560.302734, 109.375000, 1264.160156
-799.560547, 259.277344, 1338.378906
-861.572266, 387.695312, 1126.953125
-652.587891, 300.292969, 1117.187500
-322.998047, 166.015625, 1104.492188
-55.419922, 101.074219, 952.636719
155.761719, 138.183594, 800.781250
407.226562, 112.304688, 814.941406
641.113281, 23.925781, 873.046875
1042.968750, -57.861328, 930.664062
1449.218750, -167.724609, 563.964844
1297.363281, -80.322266, 811.035156
949.218750, -133.544922, 780.273438
298.828125, 25.390625, 1033.691406
-74.462891, 74.218750, 1145.507812
-573.486328, 249.023438, 1242.675781
-908.935547, 317.871094, 1125.000000
-1054.443359, 416.992188, 1267.578125
-767.333984, 308.593750, 1089.355469
-378.662109, 123.046875, 1027.343750
-44.189453, 36.132812, 1068.847656
203.613281, 42.480469, 956.054688
556.152344, 9.765625, 864.746094
995.605469, -106.201172, 914.062500
1323.242188, -187.255859, 897.460938
1314.941406, -206.787109, 817.382812
965.332031, -166.748047, 842.773438
619.140625, -177.001953, 790.527344
229.980469, -53.955078, 934.570312
-148.681641, 11.718750, 980.957031
-664.794922, 211.914062, 1213.867188
-854.736328, 264.648438, 1465.820312
-845.947266, 290.039062, 1324.218750
-519.775391, 205.078125, 1284.179688
-188.232422, 64.453125, 1183.105469
65.429688, 38.574219, 927.734375
398.925781, -3.662109, 787.109375
810.546875, -76.416016, 751.464844
1342.773438, -236.083984, 654.785156
1441.894531, -238.037109, 574.218750
1073.242188, -114.990234, 724.609375
741.699219, -104.248047, 780.273438
412.109375, -40.283203, 717.773438
-23.681641, 107.421875, 964.843750
-253.662109, 90.820312, 1323.730469
-516.357422, 151.367188, 1576.171875
-708.740234, 180.664062, 1447.753906
-630.615234, 216.796875, 1294.433594
-351.318359, 86.914062, 1182.617188
-154.541016, 44.921875, 1039.062500
94.238281, -5.615234, 919.433594
307.617188, 29.296875, 756.835938
587.402344, 6.835938, 747.558594
1050.292969, -106.201172, 730.468750
1319.335938, -204.345703, 715.332031
1236.816406, -118.408203, 724.609375
1064.941406, -135.498047, 652.832031
716.796875, -130.615234, 724.609375
434.570312, -185.302734, 975.585938
-89.111328, 0.488281, 1187.011719
-,-,-
4.394531, 88.867188, 1017.089844
-29.541016, 132.812500, 967.773438
-3.662109, 107.421875, 1000.000000
-1.708984, 116.699219, 1001.953125
-68.603516, 155.761719, 979.003906
-129.638672, 131.835938, 1041.015625
-156.982422, 73.242188, 1111.816406
-52.978516, 41.503906, 1069.824219
135.742188, -7.568359, 1012.695312
392.578125, -5.615234, 860.839844
564.453125, -30.029297, 979.003906
653.808594, -61.279297, 1040.527344
525.390625, -44.677734, 991.699219
262.207031, -7.568359, 982.910156
5.859375, 20.507812, 1040.039062
-266.357422, 120.605469, 1079.101562
-496.826172, 158.691406, 1127.441406
-715.576172, 235.351562, 1047.851562
-684.814453, 249.023438, 982.421875
-564.208984, 172.851562, 903.808594
-330.810547, 104.492188, 847.167969
-37.353516, -15.380859, 919.433594
332.519531, -34.912109, 986.328125
678.710938, -62.744141, 1053.222656
895.507812, -123.779297, 1106.445312
906.250000, -149.169922, 1038.085938
667.968750, -83.740234, 923.828125
353.027344, -13.916016, 938.964844
2.929688, 20.507812, 1081.054688
-430.908203, 163.085938, 1098.632812
-728.759766, 217.773438, 1107.910156
-896.728516, 216.796875, 1033.691406
-806.396484, 211.914062, 1000.976562
-633.544922, 141.113281, 876.953125
-413.818359, 78.613281, 864.746094
-142.333984, -4.638672, 938.476562
80.078125, -61.279297, 1054.687500
328.125000, -129.638672, 1085.449219
680.664062, -13.427734, 945.312500
1084.960938, 2.441406, 1007.812500
1187.500000, -76.904297, 958.496094
919.433594, -111.083984, 850.585938
536.621094, -108.154297, 876.953125
268.554688, -17.333984, 1046.875000
-76.904297, -0.244141, 1171.875000
-413.330078, 110.351562, 1193.359375
-701.416016, 139.648438, 1164.550781
-848.876953, 176.269531, 1032.226562
-793.212891, 183.105469, 905.761719
-669.189453, 128.906250, 839.843750
-521.728516, 92.773438, 840.820312
-288.818359, 6.835938, 941.894531
-72.509766, -2.197266, 1075.683594
208.984375, 9.765625, 1008.789062
565.917969, -45.654297, 1024.414062
963.867188, 16.113281, 1023.437500
1155.761719, -71.044922, 1016.113281
1023.925781, -92.529297, 992.675781
712.402344, -142.822266, 932.617188
353.027344, -103.271484, 961.914062
41.015625, -21.240234, 992.187500
-301.025391, 36.621094, 1070.312500
-587.158203, 84.960938, 1177.734375
-837.646484, 171.875000, 1086.914062
-898.681641, 183.593750, 1044.921875
-824.462891, 213.867188, 1013.671875
-647.216797, 109.375000, 892.578125
-418.701172, 62.011719, 930.664062
-101.318359, -71.044922, 1035.644531
185.546875, -61.279297, 1111.816406
657.226562, -82.763672, 1043.945312
983.886719, -110.107422, 1026.367188
1126.464844, -116.455078, 995.605469
956.542969, -92.529297, 946.289062
570.800781, -130.615234, 883.300781
180.664062, -187.255859, 902.832031
-142.822266, -83.740234, 1072.753906
-569.580078, 52.734375, 1104.492188
-884.033203, 132.812500, 1213.867188
-1036.865234, 212.890625, 1122.558594
-955.322266, 213.867188, 1023.437500
-763.916016, 134.765625, 931.640625
-476.318359, 41.015625, 864.746094
-185.791016, -56.884766, 936.035156
208.984375, -132.568359, 1062.011719
750.488281, -148.193359, 1018.554688
1019.531250, -159.423828, 1103.515625
1134.277344, -192.138672, 1028.320312
886.718750, -176.025391, 881.835938
499.023438, -132.568359, 839.843750
102.539062, -137.939453, 992.187500
-276.123047, -63.232422, 1067.382812
-620.361328, 1.464844, 1101.562500
-845.458984, 104.003906, 1109.863281
-905.029297, 150.390625, 1082.031250
-884.521484, 183.593750, 935.058594
-732.177734, 115.234375, 884.277344
-502.685547, 46.875000, 862.792969
-192.626953, -80.322266, 885.253906
292.480469, -44.677734, 1000.000000
673.828125, -69.091797, 1059.082031
1004.882812, -195.068359, 1113.281250
1136.718750, -206.787109, 1065.429688
959.960938, -248.779297, 966.796875
583.007812, -167.724609, 847.167969
256.347656, -189.208984, 958.496094
-72.021484, -99.853516, 1060.546875
-416.748047, -54.443359, 1063.476562
-742.919922, 2.929688, 1078.613281
-909.423828, 47.851562, 1128.417969
-1030.517578, 84.960938, 914.062500
-930.419922, 135.742188, 808.105469
-736.572266, 55.664062, 818.359375
-451.416016, -36.865234, 869.628906
-38.818359, -99.853516, 939.453125
374.511719, -139.892578, 987.304688
925.292969, -82.763672, 1100.585938
1242.675781, -120.361328, 1129.394531
1225.585938, -207.763672, 1072.265625
863.281250, -178.955078, 943.359375
458.984375, -217.529297, 872.070312
44.433594, -141.357422, 969.726562
-363.525391, -95.458984, 1051.269531
-737.060547, -135.498047, 1127.441406
-1002.685547, 11.718750, 1174.804688
-1066.650391, 148.437500, 935.546875
-937.255859, 123.046875, 898.437500
-761.474609, -43.212891, 914.062500
-382.080078, -129.638672, 895.996094
-50.048828, -136.962891, 911.132812
556.640625, -30.029297, 1018.554688
938.964844, -183.349609, 1193.359375
1225.585938, -344.482422, 1261.230469
1195.312500, -276.123047, 1135.742188
809.082031, -215.087891, 855.468750
321.289062, -114.501953, 875.000000
-157.470703, -60.791016, 1047.851562
-638.916016, -78.369141, 1164.550781
-966.552734, 2.441406, 1187.988281
-1073.486328, 57.617188, 1125.976562
-976.318359, 129.882812, 908.203125
-795.166016, 104.492188, 865.722656
-611.083984, 32.226562, 839.843750
-404.541016, -2.685547, 874.023438
-123.291016, -94.482422, 1027.832031
291.503906, -131.591797, 1131.347656
766.113281, -95.458984, 1082.031250
1139.648438, -113.037109, 1117.187500
1169.921875, -198.486328, 1260.253906
896.972656, -156.005859, 1040.039062
495.605469, -115.478516, 851.562500
183.105469, 5.859375, 938.476562
-224.365234, 7.812500, 956.054688
-626.220703, -29.052734, 1068.359375
-975.341797, -11.474609, 1247.558594
-1116.943359, 83.007812, 1073.730469
-1083.251953, 155.273438, 803.710938
-893.310547, 99.121094, 745.117188
-657.958984, 50.781250, 810.058594
-403.076172, 1.464844, 878.906250
-161.376953, -105.712891, 1088.867188
144.531250, -118.408203, 1233.398438
402.832031, -114.013672, 1091.308594
790.039062, -160.400391, 1178.710938
941.406250, -55.908203, 1260.253906
876.953125, 7.812500, 1111.816406
612.792969, -30.029297, 922.363281
283.203125, -122.802734, 913.085938
-69.091797, -147.216797, 1102.539062
-332.275391, -113.037109, 1080.078125
-751.220703, -26.123047, 979.980469
-1081.298828, 52.734375, 1083.007812
-1198.486328, 148.437500, 1028.320312
-1072.021484, 215.820312, 958.496094
-928.955078, 37.109375, 759.765625
-656.982422, -58.837891, 769.042969
-323.486328, -177.001953, 866.699219
50.292969, -236.572266, 1098.632812
455.566406, -217.529297, 1091.308594
871.093750, -177.978516, 1302.734375
1080.078125, -220.458984, 1344.726562
1039.550781, -133.544922, 1104.492188
809.082031, -163.818359, 909.179688
420.898438, -201.416016, 910.644531
-31.982422, -208.740234, 908.203125
-471.923828, -106.201172, 1011.718750
-943.603516, -31.005859, 1155.273438
-1032.470703, 219.238281, 970.703125
-1022.705078, 333.984375, 851.074219
-1021.728516, 155.273438, 886.230469
-998.779297, -71.044922, 888.671875
-568.603516, -152.099609, 1060.058594
-57.373047, -238.525391, 1101.562500
495.117188, -236.572266, 1173.828125
1118.652344, -135.009766, 1272.460938
1185.058594, -192.138672, 1357.910156
1130.859375, -151.123047, 1171.875000
768.554688, -128.662109, 1040.527344
277.343750, -131.591797, 922.363281
-424.072266, -79.345703, 911.132812
-1172.119141, -88.623047, 882.324219
-1852.294922, -185.302734, 1088.867188
-1468.017578, 23.437500, 931.640625
-990.966797, -15.380859, 996.582031
-430.419922, -110.107422, 1078.613281
140.136719, -144.287109, 1135.742188
828.125000, -148.193359, 1178.710938
1233.886719, -93.505859, 1063.476562
1367.675781, -65.185547, 989.257812
1112.304688, -65.185547, 895.507812
745.117188, -144.287109, 1006.835938
138.671875, -260.986328, 851.074219
-656.982422, -286.865234, 851.074219
-1564.208984, -263.427734, 1130.371094
-1921.142578, -181.396484, 1115.234375
-1480.224609, -104.248047, 937.500000
-930.419922, -198.486328, 1014.160156
-141.845703, -336.181641, 1039.062500
917.480469, -199.462891, 1046.875000
1558.105469, -23.681641, 1088.867188
1743.652344, 169.921875, 977.050781
1206.542969, 40.039062, 923.339844
610.839844, -177.001953, 871.093750
-48.583984, -255.615234, 832.031250
-866.455078, -231.201172, 1032.714844
-1543.212891, -129.638672, 1179.687500
-1953.369141, -339.111328, 1143.554688
-1361.572266, -372.802734, 1120.117188
-530.517578, -365.966797, 1038.574219
679.687500, -224.365234, 1060.058594
1581.054688, -52.490234, 1006.835938
1889.160156, 95.214844, 1111.816406
1562.500000, 82.519531, 967.773438
871.093750, -196.044922, 924.804688
72.265625, -280.517578, 978.027344
-778.564453, -137.939453, 946.777344
-1800.537109, -279.541016, 1069.824219
-1999.755859, -352.294922, 1095.703125
-1516.845703, -388.427734, 980.957031
-622.802734, -403.564453, 989.257812
461.914062, -379.638672, 1024.414062
1686.523438, -70.068359, 1067.382812
1999.755859, 167.968750, 1268.554688
1774.902344, 145.507812, 1095.214844
964.355469, -157.470703, 820.312500
54.687500, -256.103516, 729.980469
-1120.361328, -251.708984, 878.906250
-1999.755859, -377.197266, 1203.613281
-1999.755859, -540.771484, 954.101562
-1286.376953, -479.248047, 1134.765625
286.621094, -395.751953, 1173.828125
1637.695312, -92.529297, 1188.476562
1999.755859, 77.148438, 870.117188
1814.453125, 194.335938, 804.687500
1125.488281, 96.679688, 681.152344
215.820312, -156.005859, 958.496094
-1023.681641, -231.201172, 1205.566406
-1999.755859, -277.099609, 1217.773438
-1999.755859, -463.623047, 1088.867188
-1394.287109, -490.966797, 1034.667969
57.128906, -454.833984, 955.078125
1631.347656, -226.318359, 972.656250
1999.755859, 266.601562, 1150.390625
1973.144531, 283.691406, 1131.835938
985.351562, -112.060547, 923.339844
-341.552734, -303.466797, 953.125000
-1895.263672, -453.857422, 1030.273438
-1999.755859, -557.373047, 790.527344
-1947.021484, -496.826172, 977.539062
-776.123047, -582.275391, 882.324219
957.519531, -411.865234, 850.097656
1999.755859, 288.085938, 1073.730469
1999.755859, 322.753906, 1245.605469
1482.421875, 4.394531, 894.531250
635.742188, -166.748047, 821.777344
-297.607422, -266.357422, 797.851562
-1264.892578, -339.111328, 1005.859375
-1745.849609, -250.732422, 1118.164062
-1695.068359, -329.833984, 956.542969
-1198.974609, -391.357422, 1186.035156
-585.205078, -416.748047, 897.460938
422.851562, -315.185547, 998.535156
1457.519531, 17.089844, 1102.539062
1699.707031, 180.175781, 1031.738281
1537.109375, 196.777344, 888.671875
1384.277344, 37.109375, 692.871094
400.390625, -421.630859, 693.359375
-852.294922, -561.767578, 1078.125000
-1795.654297, -353.271484, 1170.898438
-1999.755859, -406.005859, 1125.976562
-1521.728516, -428.466797, 1216.308594
-532.958984, -479.248047, 910.156250
835.449219, -268.310547, 891.601562
1922.363281, 61.035156, 974.609375
1999.755859, 234.863281, 762.695312
1583.007812, 148.437500, 715.332031
591.796875, -96.923828, 943.359375
-510.986328, -199.462891, 1166.503906
-1721.923828, -420.166016, 1211.914062
-1999.755859, -521.240234, 947.265625
-1639.892578, -661.865234, 1268.554688
90.820312, -458.740234, 1076.660156
1738.281250, 140.625000, 1010.742188
1999.755859, 370.117188, 771.972656
1753.906250, 264.648438, 906.738281
979.980469, 61.035156, 916.015625
-353.759766, -204.833984, 982.910156
-1411.376953, -312.255859, 1097.656250
-1999.755859, -363.525391, 979.980469
-1764.404297, -547.607422, 1036.132812
-25.146484, -551.513672, 888.671875
1658.691406, -14.404297, 862.304688
1999.755859, 296.386719, 1028.320312
1825.683594, 213.867188, 1077.636719
808.105469, -110.107422, 1120.117188
-903.076172, -426.513672, 799.804688
-1999.755859, -451.904297, 1204.589844
-1999.755859, -455.810547, 1024.414062
-1429.931641, -613.525391, 1111.816406
997.070312, -416.259766, 986.328125
1999.755859, 153.320312, 904.785156
1999.755859, 233.398438, 743.164062
1624.511719, 20.996094, 646.484375
558.105469, -216.552734, 786.621094
-1031.494141, -291.748047, 828.613281
-1999.755859, -306.396484, 1402.343750
-1999.755859, -486.083984, 1431.640625
-1040.771484, -538.330078, 1413.574219
1122.070312, -444.580078, 958.007812
1999.755859, 58.105469, 694.824219
1999.755859, 158.691406, 629.882812
1554.199219, 20.019531, 541.992188
497.070312, -217.529297, 739.746094
-1102.783203, -357.177734, 1141.601562
-1999.755859, -505.615234, 1486.816406
-1999.755859, -653.564453, 1355.957031
-764.404297, -686.279297, 1125.488281
1650.390625, -214.111328, 820.312500
1999.755859, 289.062500, 694.824219
1999.755859, 235.839844, 897.460938
1160.156250, -137.939453, 806.640625
-125.732422, -315.185547, 983.398438
-1518.310547, -392.333984, 1306.640625
-1999.755859, -457.275391, 1239.746094
-1999.755859, -607.177734, 998.535156
-199.951172, -630.615234, 1067.382812
1575.683594, -272.216797, 948.242188
1999.755859, 234.375000, 906.250000
1999.755859, 169.921875, 799.804688
1082.031250, 55.664062, 604.003906
-406.005859, -313.720703, 834.472656
-1977.783203, -485.107422, 1191.406250
-1999.755859, -677.490234, 1049.804688
-1946.044922, -802.490234, 1083.007812
621.093750, -477.783203, 1245.605469
1999.755859, -34.912109, 1095.214844
1999.755859, 188.476562, 844.238281
1875.488281, 52.734375, 562.011719
939.941406, -191.162109, 691.406250
-780.517578, -523.193359, 981.445312
-1999.755859, -286.865234, 1263.183594
-1999.755859, -600.830078, 1267.089844
-1593.505859, -657.470703, 1170.410156
350.585938, -637.939453, 1053.222656
1989.257812, -131.591797, 683.105469
1999.755859, 320.312500, 845.214844
1999.755859, 263.671875, 835.937500
832.519531, -149.169922, 853.515625
-686.767578, -497.314453, 965.332031
-1999.755859, -459.228516, 1291.015625
-1999.755859, -696.533203, 1031.738281
-1655.517578, -833.251953, 1142.089844
457.519531, -613.525391, 1063.476562
1999.755859, -158.447266, 853.515625
1999.755859, 234.863281, 821.289062
1999.755859, 247.070312, 789.550781
995.117188, -99.365234, 702.636719
-197.021484, -311.279297, 810.058594
-1738.525391, -418.701172, 1008.789062
-1999.755859, -596.923828, 1280.761719
-1999.755859, -891.845703, 1022.949219
84.960938, -527.587891, 1202.636719
1817.871094, -137.939453, 950.195312
1999.755859, 332.031250, 957.031250
1999.755859, 186.523438, 913.085938
1082.031250, -118.408203, 862.792969
-297.607422, -305.419922, 770.019531
-1825.439453, -412.353516, 945.800781
-1999.755859, -405.029297, 1034.667969
-1999.755859, -796.630859, 1003.906250
-156.494141, -801.513672, 987.304688
1860.839844, -352.294922, 921.386719
1999.755859, 305.664062, 821.289062
1999.755859, 281.738281, 776.855469
1271.972656, -68.115234, 792.480469
-282.958984, -428.955078, 884.277344
-1836.181641, -494.384766, 1014.160156
-1999.755859, -609.130859, 1227.539062
-1613.037109, -487.060547, 1067.871094
256.347656, -265.380859, 1198.242188
1518.554688, -197.509766, 860.839844
1999.755859, 242.187500, 695.312500
1930.664062, 149.414062, 625.000000
1328.125000, 20.996094, 764.648438
56.152344, -372.802734, 965.820312
-1549.560547, -552.978516, 1206.542969
-1999.755859, -799.560547, 1088.867188
-1790.771484, -622.314453, 979.980469
263.671875, -383.544922, 1136.230469
1730.957031, 9.765625, 924.316406
1999.755859, 332.031250, 908.203125
1917.968750, 204.101562, 784.667969
875.488281, -92.529297, 880.371094
-638.916016, -364.501953, 845.214844
-1999.755859, -564.208984, 1261.230469
-1999.755859, -813.720703, 993.652344
-1133.056641, -447.998047, 1016.113281
743.652344, -232.177734, 1132.812500
1797.363281, 83.496094, 972.167969
1873.046875, 125.000000, 811.035156
1495.117188, 0.488281, 678.222656
737.304688, -87.646484, 798.828125
-598.388672, -258.056641, 839.355469
-1999.755859, -445.068359, 1274.902344
-1999.755859, -647.216797, 1275.390625
-990.966797, -358.642578, 1139.648438
869.628906, -107.177734, 1101.562500
1812.011719, 108.398438, 794.921875
1948.730469, 205.078125, 815.429688
1263.671875, -23.681641, 708.984375
389.160156, -24.169922, 601.074219
-1068.603516, -273.681641, 779.296875
-1999.755859, -592.529297, 974.609375
-1999.755859, -532.470703, 974.609375
-244.384766, -262.451172, 1179.687500
1185.546875, -94.970703, 1139.648438
1870.117188, 247.070312, 1069.824219
1612.792969, 163.085938, 947.265625
980.468750, 59.082031, 1012.695312
128.906250, -18.798828, 911.132812
-1093.505859, -279.541016, 1066.406250
-1999.755859, -536.376953, 1163.574219
-1938.720703, -614.501953, 1112.304688
-426.025391, -393.798828, 1062.500000
1218.750000, -26.123047, 803.710938
1999.755859, 413.574219, 853.515625
1999.755859, 320.312500, 824.218750
1077.636719, 46.875000, 929.687500
-93.017578, -254.150391, 1095.214844
-1806.396484, -534.423828, 1128.417969
-1999.755859, -687.255859, 968.750000
-1625.732422, -547.607422, 807.617188
278.808594, -221.923828, 981.933594
1991.699219, 224.121094, 818.359375
1999.755859, 456.542969, 996.582031
1731.445312, 193.847656, 924.804688
769.042969, -174.560547, 957.031250
-716.064453, -425.537109, 1019.531250
-1999.755859, -552.978516, 1032.714844
-1999.755859, -639.404297, 1031.738281
-1229.736328, -612.060547, 737.792969
1062.500000, -285.888672, 745.117188
1999.755859, 356.933594, 884.277344
1999.755859, 475.097656, 1203.613281
1372.070312, 128.906250, 1174.804688
-529.052734, -329.833984, 1203.613281
-1999.755859, -688.232422, 947.753906
-1999.755859, -804.443359, 913.085938
-879.638672, -558.837891, 863.769531
976.074219, -87.158203, 831.054688
1999.755859, 480.468750, 742.187500
1999.755859, 401.367188, 807.617188
1327.148438, 29.296875, 732.421875
36.621094, -241.455078, 1022.460938
-1459.228516, -525.146484, 1035.644531
-1999.755859, -646.240234, 1361.328125
-1999.755859, -851.806641, 1225.097656
-127.685547, -497.802734, 1348.144531
1679.687500, 45.410156, 684.570312
1999.755859, 535.156250, 720.214844
1785.644531, 333.007812, 694.824219
793.457031, 22.460938, 807.128906
-671.630859, -275.634766, 1126.464844
-1999.755859, -718.017578, 1229.980469
-1999.755859, -924.560547, 1200.195312
-312.744141, -517.822266, 872.558594
1754.882812, 104.003906, 844.238281
1999.755859, 582.031250, 783.203125
1857.421875, 370.117188, 745.117188
791.503906, -92.529297, 799.804688
-539.794922, -338.134766, 1146.972656
-1999.755859, -769.287109, 1231.445312
-1999.755859, -843.505859, 1260.253906
-254.638672, -465.087891, 852.539062
1345.214844, 120.605469, 817.871094
1999.755859, 633.789062, 874.023438
1407.226562, 479.492188, 898.437500
737.304688, 105.468750, 956.542969
-696.533203, -269.287109, 1266.601562
-1999.755859, -739.990234, 1077.636719
-1999.755859, -736.083984, 1103.515625
-70.556641, -363.525391, 1027.832031
1638.671875, 122.558594, 891.601562
1999.755859, 488.281250, 777.343750
1544.433594, 324.218750, 689.453125
671.386719, 12.695312, 772.949219
-442.626953, -257.080078, 1125.000000
-1999.755859, -548.583984, 1257.812500
-1999.755859, -630.615234, 1150.390625
-1244.873047, -581.787109, 1111.816406
299.804688, -556.884766, 875.976562
1999.755859, 44.433594, 670.898438
1999.755859, 533.203125, 693.359375
1856.445312, 236.816406, 539.062500
998.535156, -116.943359, 877.929688
-762.451172, -523.193359, 1385.742188
-1999.755859, -556.884766, 1114.257812
-1999.755859, -689.208984, 1266.113281
-1331.787109, -646.240234, 936.523438
645.507812, -429.443359, 645.019531
1999.755859, 253.417969, 741.210938
1999.755859, 564.453125, 895.507812
1865.722656, 190.429688, 871.093750
600.585938, -327.880859, 1066.406250
-1177.978516, -595.947266, 1100.585938
-1999.755859, -708.740234, 1341.308594
-1999.755859, -807.373047, 1130.859375
-624.755859, -650.634766, 898.437500
1317.871094, -260.986328, 724.609375
1999.755859, 480.957031, 889.648438
1999.755859, 406.250000, 979.003906
1393.554688, -93.017578, 937.988281
-97.412109, -464.599609, 1120.117188
-1627.197266, -553.955078, 1083.984375
-1999.755859, -588.623047, 570.312500
-1999.755859, -584.716797, 950.195312
-548.583984, -768.310547, 811.035156
1914.062500, -150.634766, 1218.750000
1999.755859, 369.628906, 1188.476562
1963.867188, 158.691406, 986.328125
1079.101562, -205.322266, 982.910156
-68.115234, -340.087891, 801.757812
-1555.419922, -497.314453, 867.675781
-1999.755859, -514.892578, 849.121094
-1999.755859, -729.248047, 1290.039062
-455.322266, -563.720703, 1030.761719
854.003906, -387.451172, 993.652344
1999.755859, 0.488281, 861.328125
1999.755859, 317.871094, 730.468750
1895.019531, 123.046875, 752.441406
862.792969, -185.302734, 848.144531
-603.759766, -444.091797, 1235.351562
-1999.755859, -695.556641, 1234.375000
-1999.755859, -739.013672, 1208.007812
-1425.048828, -728.271484, 1028.320312
462.402344, -657.470703, 920.410156
1999.755859, -38.818359, 758.789062
1999.755859, 395.507812, 703.125000
1999.755859, 151.367188, 584.472656
897.949219, -312.255859, 810.058594
-719.970703, -618.408203, 1065.429688
-1999.755859, -604.248047, 1311.523438
-1999.755859, -741.943359, 1338.378906
-1257.080078, -927.490234, 1178.710938
1040.039062, -489.013672, 1020.507812
1999.755859, 143.066406, 837.890625
1999.755859, 216.308594, 689.453125
1893.554688, 87.890625, 561.523438
972.656250, -155.517578, 932.617188
-1104.736328, -637.939453, 980.957031
-1999.755859, -583.740234, 1211.425781
-1999.755859, -781.005859, 1180.664062
-717.529297, -547.607422, 1223.144531
477.539062, -446.044922, 1053.222656
1999.755859, -1.708984, 841.796875
1999.755859, 273.437500, 842.773438
1850.585938, 193.359375, 601.074219
972.167969, -37.353516, 654.296875
-409.912109, -387.451172, 1269.531250
-1999.755859, -688.720703, 1206.542969
-1999.755859, -833.740234, 1023.437500
-1425.048828, -749.755859, 1020.019531
557.128906, -586.669922, 904.785156
1999.755859, 83.984375, 870.117188
1999.755859, 380.859375, 816.406250
1913.574219, 36.621094, 605.468750
916.015625, -198.486328, 886.718750
-732.177734, -654.541016, 1275.878906
-1999.755859, -686.279297, 1122.070312
-1999.755859, -617.431641, 1044.921875
-1369.384766, -561.279297, 1099.609375
-253.662109, -474.853516, 1059.570312
1000.976562, -402.587891, 807.128906
1999.755859, 120.605469, 798.828125
1999.755859, 428.710938, 832.031250
1696.777344, 86.914062, 800.781250
770.996094, -300.048828, 916.992188
-574.462891, -564.208984, 1133.300781
-1999.755859, -734.619141, 888.183594
-1999.755859, -738.037109, 899.414062
-1632.080078, -812.744141, 1152.343750
285.644531, -557.373047, 1251.953125
1999.755859, -129.638672, 1215.820312
1999.755859, 309.570312, 843.750000
1999.755859, 232.910156, 476.074219
1101.562500, -137.939453, 562.500000
-138.427734, -442.138672, 765.136719
-1985.107422, -596.923828, 1024.414062
-1999.755859, -1009.033203, 1322.265625
-862.060547, -909.423828, 1608.398438
849.609375, -449.951172, 1268.554688
1999.755859, 70.312500, 756.835938
1999.755859, 278.808594, 725.585938
1772.949219, 0.488281, 504.394531
805.664062, -192.138672, 677.246094
-617.431641, -479.736328, 860.839844
-1999.755859, -663.818359, 1412.597656
-1999.755859, -823.974609, 1247.070312
-1029.052734, -628.662109, 1168.457031
601.074219, -426.513672, 1086.914062
1999.755859, 6.835938, 775.390625
1999.755859, 374.511719, 614.746094
1999.755859, 223.144531, 321.777344
1158.203125, -100.830078, 464.355469
-277.587891, -418.701172, 995.605469
-1999.755859, -661.865234, 1542.480469
-1999.755859, -881.591797, 1689.941406
-1205.810547, -845.458984, 1014.160156
893.554688, -455.810547, 717.773438
1999.755859, 157.714844, 585.937500
1999.755859, 420.410156, 902.832031
1866.210938, 144.531250, 812.011719
539.062500, -328.857422, 828.613281
-1105.712891, -585.693359, 1150.390625
-1999.755859, -744.384766, 1241.699219
-1999.755859, -855.712891, 1090.332031
-218.505859, -668.701172, 1194.335938
1943.847656, -340.087891, 741.210938
1999.755859, 306.640625, 856.445312
1999.755859, 247.070312, 520.507812
1258.300781, -88.623047, 572.265625
-208.740234, -479.248047, 1016.113281
-1999.755859, -646.240234, 1363.281250
-1999.755859, -814.697266, 1431.152344
-1370.361328, -759.033203, 1118.164062
996.093750, -478.759766, 837.890625
1999.755859, 164.062500, 531.738281
1999.755859, 461.914062, 496.093750
1756.347656, 177.734375, 414.550781
233.398438, -344.482422, 883.300781
-1385.986328, -502.685547, 1205.566406
-1999.755859, -695.556641, 1455.078125
-1916.748047, -671.630859, 1310.546875
293.457031, -626.708984, 1220.214844
1999.755859, -112.548828, 797.363281
1999.755859, 299.316406, 740.722656
1915.039062, 183.105469, 594.726562
892.089844, -14.892578, 578.125000
-354.736328, -424.560547, 1000.488281
-1999.755859, -489.990234, 1376.464844
-1999.755859, -595.947266, 1307.128906
-1502.685547, -677.490234, 1125.488281
964.355469, -591.064453, 979.980469
1999.755859, 93.750000, 792.480469
1999.755859, 406.250000, 850.097656
1719.238281, 45.898438, 631.835938
502.929688, -302.490234, 714.355469
-1212.646484, -551.025391, 1088.867188
-1999.755859, -638.916016, 1343.750000
-1999.755859, -825.927734, 1101.562500
-283.935547, -668.701172, 1137.695312
1778.320312, -300.048828, 897.949219
1999.755859, 259.277344, 839.843750
1999.755859, 178.222656, 647.460938
1341.796875, -108.154297, 739.257812
-63.720703, -423.583984, 925.292969
-1308.837891, -428.466797, 939.941406
-1999.755859, -624.755859, 1291.015625
-1898.681641, -557.861328, 1217.773438
-663.330078, -582.275391, 1227.539062
1179.687500, -418.212891, 952.148438
1999.755859, 137.207031, 798.828125
1999.755859, 231.445312, 697.753906
1551.269531, 6.835938, 604.003906
545.410156, -234.130859, 867.187500
-800.537109, -448.974609, 995.605469
-1663.330078, -500.244141, 1308.593750
-1999.755859, -548.095703, 1262.695312
-1401.123047, -613.525391, 1052.246094
217.773438, -572.021484, 916.015625
1686.035156, -155.029297, 786.132812
1999.755859, 313.964844, 892.578125
1999.755859, 241.210938, 826.660156
1341.308594, -136.962891, 896.972656
-99.853516, -581.787109, 1054.199219
-1390.869141, -515.869141, 1297.363281
-1999.755859, -483.154297, 1111.816406
-1927.001953, -493.896484, 1054.199219
-856.689453, -564.208984, 1035.644531
535.156250, -610.595703, 902.832031
1999.755859, -88.623047, 732.910156
1999.755859, 319.824219, 794.921875
1999.755859, 62.011719, 601.074219
984.375000, -371.826172, 937.011719
-320.556641, -649.169922, 1087.890625
-1408.447266, -422.607422, 1061.523438
-1999.755859, -411.865234, 1308.593750
-1999.755859, -582.763672, 1113.281250
-671.142578, -716.552734, 938.964844
1023.437500, -507.568359, 717.285156
1999.755859, -5.126953, 604.003906
1999.755859, 208.984375, 873.046875
1829.101562, -5.615234, 787.597656
876.464844, -336.669922, 745.117188
-260.986328, -469.482422, 887.207031
-1212.646484, -280.029297, 1006.835938
-1999.755859, -306.396484, 1401.367188
-1798.095703, -383.544922, 1295.410156
-833.740234, -527.099609, 1145.507812
946.777344, -471.435547, 694.824219
1999.755859, 89.843750, 710.449219
1999.755859, 247.070312, 735.839844
1647.460938, 5.859375, 672.851562
892.089844, -262.939453, 757.324219
-137.939453, -456.298828, 1009.765625
-699.462891, -376.220703, 1085.449219
-1050.537109, -178.955078, 1295.410156
-677.001953, -11.474609, 1201.171875
-311.767578, 83.984375, 1010.742188
